

arr_1 <- 0
arr_2 <- 0
f_value <- 0
s_value <- 0


thetabias <- -0.05929464   
thetaone <- 0.76073534     
thetatwo <- 0.03927117     
thetathree <- 0.16073311   


RSS_Model2 <- 142.9336


epsilon <- RSS_Model2 * 2  
num <- 100  


